[[         0 1000000001 1000000001 1000000001 1000000001 1000000001
  1000000001 1000000001 1000000001 1000000001 1000000001 1000000001
  1000000001 1000000001 1000000001 1000000001 1000000001 1000000001
  1000000001 1000000001 1000000001]
 [         0 1000000001 1000000001 1000000001 1000000001          6
  1000000001 1000000001 1000000001 1000000001 1000000001 1000000001
  1000000001 1000000001 1000000001 1000000001 1000000001 1000000001
  1000000001 1000000001 1000000001]
 [         0 1000000001 1000000001 1000000001 1000000001          6
           5 1000000001 1000000001 1000000001 1000000001         11
  1000000001 1000000001 1000000001 1000000001 1000000001 1000000001
  1000000001 1000000001 1000000001]
 [         0 1000000001 1000000001 1000000001          6          6
           5 1000000001 1000000001         12         11         11
  1000000001 1000000001 1000000001         17 1000000001 1000000001
  1000000001 1000000001 1000000001]
 [         0 1000000001 1000000001 1000000001          6          6
           5 1000000001 1000000001         12         11         11
          11 1000000001 1000000001         17         17         17
  1000000001 1000000001 1000000001]
 [         0 1000000001 1000000001 1000000001          6          3
           5 1000000001 1000000001          9          9          8
          11 1000000001         15         14         14         14
  1000000001 1000000001         20]
 [         0 1000000001          7 1000000001          6          3
           5         10         12          9          9          8
          11         15         15         14         14         14
          21         21         20]]
17
[[         0 1000000001 1000000001 1000000001 1000000001 1000000001
  1000000001 1000000001 1000000001 1000000001 1000000001 1000000001
  1000000001 1000000001 1000000001 1000000001 1000000001 1000000001
  1000000001 1000000001 1000000001]
 [         0 1000000001 1000000001 1000000001 1000000001          6
  1000000001 1000000001 1000000001 1000000001 1000000001 1000000001
  1000000001 1000000001 1000000001 1000000001 1000000001 1000000001
  1000000001 1000000001 1000000001]
 [         0 1000000001 1000000001 1000000001 1000000001          6
           5 1000000001 1000000001 1000000001 1000000001         11
  1000000001 1000000001 1000000001 1000000001 1000000001 1000000001
  1000000001 1000000001 1000000001]
 [         0 1000000001 1000000001 1000000001          6          6
           5 1000000001 1000000001         12         11         11
  1000000001 1000000001 1000000001         17 1000000001 1000000001
  1000000001 1000000001 1000000001]
 [         0 1000000001 1000000001 1000000001          6          6
           5 1000000001 1000000001         12         11         11
          11 1000000001 1000000001         17         17         17
  1000000001 1000000001 1000000001]
 [         0 1000000001 1000000001 1000000001          6          3
           5 1000000001 1000000001          9          9          8
          11 1000000001         15         14         14         14
  1000000001 1000000001         20]
 [         0 1000000001          7 1000000001          6          3
           5         10         12          9          9          8
          11         15         15         14         14         14
          21         21         20]]
17
